671
669
664
742
739
668
665
666
667
670
653
654
662
657
655
656
661
658
659
660
201
202
757
42
40
46
41
8
7
6
45
43
44
50
47
48
49
64
51
57
52
56
55
63
58
59
61
60
62
54
53
68
66
65
776
775
772
773
774
67
203
204
781
780
777
778
779
14
13
19
15
18
16
17
205
206
207
208
209
210
211
220
214
212
213
215
216
217
219
218
221
222
75
70
69
72
71
802
801
798
799
800
74
73
223
224
807
806
803
804
805
225
231
226
227
228
230
229
237
232
233
234
236
235
244
238
243
239
240
242
241
251
245
250
246
247
249
248
256
255
252
254
253
261
260
257
259
258
378
275
267
266
262
263
265
264
274
271
268
269
270
273
272
279
276
278
277
284
280
281
283
282
299
288
285
287
286
289
294
290
291
293
292
298
295
297
296
303
300
302
301
327
307
304
306
305
312
311
308
310
309
316
313
315
314
317
322
318
319
321
320
326
323
325
324
331
328
330
329
355
335
332
334
333
340
339
336
338
337
344
341
343
342
345
350
346
347
349
348
354
351
353
352
359
356
358
357
373
363
360
362
361
368
367
364
366
365
372
369
371
370
377
374
376
375
182
183
184
200
195
188
185
187
186
189
194
190
191
193
192
199
197
196
198
379
380
381
382
383
384
385
386
387
388
389
390
391
392
393
402
396
394
395
397
398
399
401
400
403
404
405
406
407
420
408
828
821
819
820
824
822
823
827
825
826
409
413
410
412
411
857
850
848
849
853
851
852
856
854
855
417
414
416
415
419
418
421
830
829
832
831
834
833
422
423
424
425
426
427
428
429
430
436
431
432
433
435
434
442
437
438
439
441
440
449
443
448
444
445
447
446
456
450
455
451
452
454
453
461
460
457
459
458
466
465
462
464
463
583
480
472
471
467
468
470
469
479
476
473
474
475
478
477
484
481
483
482
489
485
486
488
487
504
493
490
492
491
494
499
495
496
498
497
503
500
502
501
508
505
507
506
532
512
509
511
510
517
516
513
515
514
521
518
520
519
522
527
523
524
526
525
531
528
530
529
536
533
535
534
560
540
537
539
538
545
544
541
543
542
549
546
548
547
550
555
551
552
554
553
559
556
558
557
564
561
563
562
578
568
565
567
566
573
572
569
571
570
577
574
576
575
582
579
581
580
584
703
708
707
704
705
706
713
712
709
710
711
725
714
715
717
716
718
724
719
720
723
721
722
737
726
736
727
728
733
729
730
732
731
735
734
738
585
586
587
588
600
599
592
589
591
590
593
598
594
595
597
596
940
939
938
918
908
909
911
910
917
912
913
916
914
915
929
919
920
922
921
928
923
924
927
925
926
936
930
931
935
932
934
933
937
622
621
620
604
601
603
602
609
608
605
607
606
613
610
612
611
614
619
615
616
618
617
976
971
972
973
975
974
979
977
978
982
980
981
644
643
642
626
623
625
624
631
630
627
629
628
635
632
634
633
636
641
637
638
640
639
651
650
970
963
957
958
962
959
961
960
966
964
965
969
967
968
649
648
645
647
646
652
875
868
871
869
870
874
872
873
