169
159
160
162
161
168
163
164
167
165
166
181
174
170
171
173
172
180
175
177
176
179
178
6
5
21
20
27
22
26
23
24
25
786
785
782
783
784
76
77
79
78
83
81
80
791
790
787
788
789
29
28
39
34
30
31
32
33
38
35
36
37
82
84
100
87
86
85
89
88
98
90
93
92
91
95
94
96
97
99
101
102
103
812
811
808
809
810
115
104
105
107
106
108
114
109
110
113
111
112
117
116
817
816
813
814
815
131
129
118
119
121
120
122
128
123
124
127
125
126
130
132
157
133
156
134
135
140
136
137
139
138
142
141
154
145
143
144
146
149
148
147
151
150
152
153
155
158
